5.000000, -0.00056604, -162.44773075, 0.00142201, 0.09596547
4.950000, 0.00016828, -163.74298827, 0.00128104, 0.09951584
4.900000, 0.00176950, -166.98215196, 0.00145217, 0.09902388
4.849999, -0.00065273, -168.73431922, 0.00144505, 0.10507365
4.799999, -0.00189954, -170.75369709, 0.00142757, 0.10444879
4.749999, -0.00143804, -173.50943396, 0.00157294, 0.11403831
4.699999, 0.00280724, -173.37072922, 0.00147988, 0.11305452
4.649999, -0.00048190, -176.15502295, 0.00162077, 0.11065128
4.599998, 0.00052014, -177.70117287, 0.00154413, 0.11717662
4.549998, -0.00267466, -181.10759816, 0.00171674, 0.11753870
4.499998, -0.00117032, -182.46812851, 0.00172324, 0.12217852
4.449998, 0.00374554, -185.20754717, 0.00182800, 0.12073267
4.399998, 0.00273585, -188.52218256, 0.00181147, 0.13347119
4.349998, 0.00063488, -189.81744008, 0.00184001, 0.14246825
4.299997, -0.00559918, -192.63233044, 0.00200119, 0.14316727
4.249997, -0.00152473, -194.42937277, 0.00208610, 0.14219517
4.199997, -0.00678990, -196.83018868, 0.00210834, 0.14370093
4.149997, 0.00094084, -202.06221316, 0.00212527, 0.14651561
4.099997, 0.00210352, -203.08414074, 0.00225993, 0.15383428
4.049996, 0.00078276, -205.21366650, 0.00217884, 0.15569658
3.999996, 0.00360275, -207.69811321, 0.00230452, 0.15736748
3.949996, -0.00248343, -211.96940337, 0.00242750, 0.16535630
3.899997, 0.00194543, -214.29066803, 0.00251947, 0.17340926
3.849997, -0.00181030, -217.60122387, 0.00265677, 0.17970254
3.799997, 0.00119072, -221.34829169, 0.00271486, 0.19783061
3.749997, 0.00331209, -223.65119837, 0.00277509, 0.19080017
3.699997, -0.00204233, -228.71188169, 0.00316596, 0.19756341
3.649997, -0.00062978, -232.67108618, 0.00319852, 0.22229698
3.599997, 0.00261346, -235.84905660, 0.00322982, 0.21437074
3.549997, -0.00014533, -240.05507394, 0.00357817, 0.22756609
3.499997, -0.00071392, -242.93727690, 0.00356468, 0.23541647
3.449997, -0.00038246, -246.94339623, 0.00385005, 0.23559329
3.399997, 0.00214176, -252.64048955, 0.00409263, 0.25192283
3.349997, 0.00114482, -256.73839878, 0.00398699, 0.25877465
3.299997, -0.00069352, -261.12187659, 0.00433712, 0.27070388
3.249997, -0.00010709, -266.30086690, 0.00492292, 0.28072220
3.199997, -0.00205507, -271.52881183, 0.00517909, 0.30043277
3.149997, 0.00214941, -275.47373789, 0.00545942, 0.29256890
3.099997, 0.00051759, -282.31718511, 0.00605033, 0.34921597
3.049997, -0.00298828, -287.52677206, 0.00625165, 0.34181580
2.999997, 0.00107598, -292.97093320, 0.00654966, 0.36280070
2.949997, -0.00834523, -300.60989291, 0.00738073, 0.38782973
2.899997, 0.00215451, -306.15196328, 0.00818961, 0.40205095
2.849998, -0.00394697, -313.16675166, 0.00825071, 0.41091701
2.799998, 0.00074962, -319.53085161, 0.00931093, 0.45327074
2.749998, -0.00151453, -326.68230495, 0.01055322, 0.44363799
2.699998, 0.00106833, -333.74808771, 0.01179090, 0.51771910
2.649998, -0.01519122, -342.93115757, 0.01351824, 0.52639513
2.599998, 0.00152473, -350.47832738, 0.01387688, 0.54822447
2.549998, 0.00512238, -360.66088730, 0.01600245, 0.59374424
2.499998, 0.00651197, -368.36919939, 0.01958837, 0.63476717
2.449998, 0.00698623, -379.61856196, 0.02237167, 0.63706751
2.399998, -0.00699132, -390.77001530, 0.02813350, 0.77464005
2.349998, 0.00931923, -403.22284549, 0.03383289, 0.83591967
2.299998, -0.00320499, -417.72565018, 0.04459941, 1.02363375
2.249998, -0.01817189, -430.09077002, 0.05303241, 1.06865987
2.199998, -0.04229473, -445.93982662, 0.06762253, 1.22887337
2.149998, -0.05927588, -467.02090770, 0.09513092, 1.48607342
2.099998, -0.01763133, -489.09943906, 0.12243213, 1.79664687
2.049998, 0.09306729, -527.38398776, 0.18018655, 1.96847531
1.999998, 0.04124426, -565.47679755, 0.24820307, 2.03230680
1.949998, -0.10231278, -598.51096379, 0.29879708, 1.83195628
1.899998, -0.46474499, -632.97501275, 0.25081180, 1.32983129
1.849998, -0.22739147, -656.47118817, 0.37516895, 1.27111633
1.799999, 0.89239681, -678.64354921, 0.00128221, 1.03721180
1.749999, 0.91192776, -696.48342682, 0.00097835, 0.94936380
1.699999, 0.92827606, -712.15706272, 0.00068222, 0.80025665
1.649999, 0.94137579, -726.29678735, 0.00048930, 0.68528671
1.599999, 0.95293522, -738.24987251, 0.00032009, 0.57767652
1.549999, 0.96190244, -749.22590515, 0.00025961, 0.52169782
1.499999, 0.96979105, -758.76797552, 0.00020320, 0.46586704
1.449999, 0.97517323, -765.38908720, 0.00014416, 0.37373316
1.399999, 0.98104602, -773.17287098, 0.00011293, 0.32403759
1.349999, 0.98473251, -778.27027027, 0.00009237, 0.27990910
1.299999, 0.98814064, -782.79653238, 0.00007303, 0.24407931
1.249999, 0.99092889, -786.72514023, 0.00005037, 0.18359709
1.199999, 0.99334759, -790.11728710, 0.00003783, 0.15364299
1.149999, 0.99542201, -793.16267211, 0.00002606, 0.11438677
1.099999, 0.99652433, -794.77409485, 0.00002040, 0.09458517
1.049999, 0.99777985, -796.67312596, 0.00001360, 0.06494853
0.999999, 0.99845856, -797.61550229, 0.00000857, 0.04899815
0.949999, 0.99884391, -798.23559408, 0.00000744, 0.04293022
0.899999, 0.99929821, -798.91279959, 0.00000440, 0.02815728
0.849999, 0.99955088, -799.29015808, 0.00000288, 0.02084228
0.799999, 0.99973720, -799.58388577, 0.00000171, 0.01328337
0.749999, 0.99986476, -799.78786334, 0.00000094, 0.00756022
0.699999, 0.99989283, -799.82865885, 0.00000078, 0.00717677
0.649999, 0.99987751, -799.80622132, 0.00000096, 0.00909563
0.599999, 0.99986476, -799.78786334, 0.00000122, 0.01192617
0.549999, 0.99988514, -799.81642019, 0.00000102, 0.01185902
0.499999, 0.99989283, -799.82865885, 0.00000105, 0.01341376
0.449999, 0.99986726, -799.78786334, 0.00000143, 0.02039627
0.399999, 0.99986219, -799.77970423, 0.00000167, 0.02677881
0.349999, 0.99988008, -799.80826109, 0.00000174, 0.03188630
0.299999, 0.99985963, -799.77562468, 0.00000227, 0.04846303
0.249999, 0.99986726, -799.78786334, 0.00000279, 0.07130601
0.199999, 0.99985963, -799.77562468, 0.00000341, 0.10904216
0.149999, 0.99989283, -799.82865885, 0.00000366, 0.15629576
0.099999, 0.99986726, -799.78786334, 0.00000645, 0.41303051
